0.00
0.00
0.00
0.00
0.00
13.78
14.00
14.04
13.86
13.40
13.37
13.46
13.49
13.68
14.20
14.27
14.32
14.33
14.37
14.33
14.32
14.34
14.34
14.35
14.38
14.38
14.34
14.38
14.40
14.44
14.48
14.57
14.57
14.57
14.57
14.58
14.58
14.55
14.53
14.54
14.54
14.54
14.55
14.49
14.48
14.47
14.47
14.47
14.51
14.44
14.46
14.46
14.46
14.51
14.57
14.56
14.54
14.55
14.55
14.57
14.58
14.59
14.59
14.57
14.56
14.55
14.55
14.55
14.57
14.60
14.63
14.67
14.68
14.70
14.69
14.55
14.48
14.11
13.93
13.80
